Pinus,Abies,Quercus,Alnus
75,2,14,9
81,2,13,4
89,3,1,7
84,5,7,4
81,3,10,6
86,1,8,5
86,2,11,1
82,2,10,6
72,1,16,11
93,4,2,1
87,1,11,1
95,1,3,1
85,1,12,2
91,1,4,4
79,1,19,1
95,2,1,2
90,3,5,2
90,2,7,1
88,1,9,2
86,1,10,3
84,1,12,3
81,1,15,3
81,1,16,2
76,2,18,4
87,3,7,3
91,1,5,3
93,4,2,1
89,1,6,4
87,3,8,2
94,1,3,2
81,2,9,8
69,7,18,6
86,1,8,5
74,5,16,5
82,2,11,5
87,3,9,1
68,3,26,3
77,3,11,9
86,2,7,5
79,1,11,9
79,1,17,3
85,3,9,3
